xof 0303txt 0032
template XSkinMeshHeader {
 <3cf169ce-ff7c-44ab-93c0-f78f62d172e2>
 WORD nMaxSkinWeightsPerVertex;
 WORD nMaxSkinWeightsPerFace;
 WORD nBones;
}

template VertexDuplicationIndices {
 <b8d65549-d7c9-4995-89cf-53a9a8b031e3>
 DWORD nIndices;
 DWORD nOriginalVertices;
 array DWORD indices[nIndices];
}

template SkinWeights {
 <6f0d123b-bad2-4167-a0d0-80224f25fabb>
 STRING transformNodeName;
 DWORD nWeights;
 array DWORD vertexIndices[nWeights];
 array FLOAT weights[nWeights];
 Matrix4x4 matrixOffset;
}

template AnimTicksPerSecond {
 <9e415a43-7ba6-4a73-8743-b73d47e88476>
 DWORD AnimTicksPerSecond;
}


AnimTicksPerSecond {
 4800;
}

Frame Dummy01 {
 

 FrameTransformMatrix {
  1.000000,0.000000,0.000000,0.000000,0.000000,-0.000000,-1.000000,0.000000,0.000000,1.000000,-0.000000,0.000000,0.000000,0.000000,0.000000,1.000000;;
 }

 Frame Bip01 {
  

  FrameTransformMatrix {
   0.044126,0.998848,-0.018878,0.000000,0.000833,0.018859,0.999822,0.000000,0.999026,-0.044134,0.000000,0.000000,-0.009825,-0.029267,0.504968,1.000000;;
  }

  Frame Bip01_Pelvis {
   

   FrameTransformMatrix {
    0.000000,0.999460,0.032862,0.000000,-0.000001,-0.032862,0.999460,0.000000,1.000000,-0.000000,0.000001,0.000000,0.000000,0.000000,0.000000,1.000000;;
   }

   Frame Bip01_Spine {
    

    FrameTransformMatrix {
     0.999453,-0.032855,-0.003768,0.000000,0.032821,0.999424,-0.008612,0.000000,0.004048,0.008484,0.999956,0.000000,0.051605,-0.001697,-0.000085,1.000000;;
    }

    Frame Bip01_Spine1 {
     

     FrameTransformMatrix {
      0.995293,0.000305,-0.096906,0.000000,-0.001151,0.999962,-0.008681,0.000000,0.096900,0.008751,0.995256,0.000000,0.106472,-0.000001,-0.000084,1.000000;;
     }

     Frame Bip01_Neck {
      

      FrameTransformMatrix {
       0.757090,-0.113547,0.643367,0.000000,0.000136,0.984808,0.173647,0.000000,-0.653311,-0.131379,0.745604,0.000000,0.130522,0.000004,0.004632,1.000000;;
      }

      Frame Bip01_Head {
       

       FrameTransformMatrix {
        0.878044,0.055744,-0.475323,0.000000,-0.149703,0.975343,-0.162155,0.000000,0.454563,0.213537,0.864739,0.000000,0.033674,0.000000,0.000000,1.000000;;
       }

       Frame Bip01_HeadNub {
        

        FrameTransformMatrix {
         1.000000,0.000000,0.000000,0.000000,0.000000,1.000000,0.000000,0.000000,0.000000,0.000000,1.000000,0.000000,0.169824,0.000000,0.000000,1.000000;;
        }
       }
      }

      Frame Bip01_L_Clavicle {
       

       FrameTransformMatrix {
        -0.314328,0.947958,0.050739,0.000000,0.697496,0.266874,-0.665039,0.000000,-0.643970,-0.173650,-0.745083,0.000000,-0.022966,0.014665,0.010189,1.000000;;
       }

       Frame Bip01_L_UpperArm {
        

        FrameTransformMatrix {
         0.647570,-0.755801,-0.097051,0.000000,0.515205,0.528106,-0.675032,0.000000,0.561443,0.387129,0.731378,0.000000,0.087086,0.000000,-0.000000,1.000000;;
        }

        Frame Bip01_L_Forearm {
         

         FrameTransformMatrix {
          -0.039790,0.000000,-0.999208,0.000000,0.000000,1.000000,0.000000,0.000000,0.999208,-0.000000,-0.039790,0.000000,0.137062,0.000000,0.000000,1.000000;;
         }

         Frame Bip01_L_Hand {
          

          FrameTransformMatrix {
           0.993209,-0.116120,0.007205,0.000000,-0.102578,-0.844791,0.525173,0.000000,-0.054897,-0.522346,-0.850965,0.000000,0.137062,0.000000,0.000000,1.000000;;
          }

          Frame Bip01_L_Finger0 {
           

           FrameTransformMatrix {
            0.331497,-0.222792,0.916773,0.000000,0.812364,0.561541,-0.157280,0.000000,-0.479766,0.796892,0.367138,0.000000,0.057681,-0.023605,-0.000272,1.000000;;
           }

           Frame Bip01_L_Finger0Nub {
            

            FrameTransformMatrix {
             1.000000,0.000000,0.000000,0.000000,0.000000,1.000000,0.000000,0.000000,0.000000,0.000000,1.000000,0.000000,0.029435,0.000000,0.000000,1.000000;;
            }
           }
          }

          Frame Bip01_L_Finger1 {
           

           FrameTransformMatrix {
            0.222011,-0.000776,0.975044,0.000000,0.000000,1.000000,0.000796,0.000000,-0.975044,-0.000177,0.222011,0.000000,0.084102,0.000000,0.000000,1.000000;;
           }

           Frame Bip01_L_Finger1Nub {
            

            FrameTransformMatrix {
             1.000000,-0.000000,0.000000,0.000000,-0.000000,1.000000,0.000000,0.000000,0.000000,0.000000,1.000000,0.000000,0.047988,0.000000,-0.000000,1.000000;;
            }
           }
          }
         }
        }
       }
      }

      Frame Bip01_R_Clavicle {
       

       FrameTransformMatrix {
        -0.152063,-0.925416,0.347106,0.000000,-0.749786,0.336826,0.569534,0.000000,-0.643970,-0.173650,-0.745083,0.000000,-0.019397,-0.016287,0.014318,1.000000;;
       }

       Frame Bip01_R_UpperArm {
        

        FrameTransformMatrix {
         0.497966,0.816483,0.292206,0.000000,-0.854941,0.518669,0.007688,0.000000,-0.145281,-0.253647,0.956324,0.000000,0.087086,0.000000,0.000000,1.000000;;
        }

        Frame Bip01_R_Forearm {
         

         FrameTransformMatrix {
          0.930542,0.000000,-0.366186,0.000000,0.000000,1.000000,0.000000,0.000000,0.366186,-0.000000,0.930542,0.000000,0.137062,0.000000,0.000000,1.000000;;
         }

         Frame Bip01_R_Hand {
          

          FrameTransformMatrix {
           0.960682,0.273958,0.045135,0.000000,0.044981,0.006845,-0.998964,0.000000,-0.273983,0.961718,-0.005747,0.000000,0.137062,0.000000,-0.000000,1.000000;;
          }

          Frame Bip01_R_Finger0 {
           

           FrameTransformMatrix {
            0.829256,0.514255,0.218807,0.000000,-0.558537,0.749101,0.356210,0.000000,0.019274,-0.417601,0.908427,0.000000,0.057681,0.023605,-0.000272,1.000000;;
           }

           Frame Bip01_R_Finger0Nub {
            

            FrameTransformMatrix {
             -1.000000,0.000000,0.000000,0.000000,0.000000,1.000000,-0.000000,0.000000,-0.000000,-0.000000,-1.000000,0.000000,0.029435,0.000000,0.000000,1.000000;;
            }
           }
          }

          Frame Bip01_R_Finger1 {
           

           FrameTransformMatrix {
            0.989590,0.000115,0.143914,0.000000,0.000000,1.000000,-0.000796,0.000000,-0.143914,0.000788,0.989590,0.000000,0.084102,-0.000000,0.000000,1.000000;;
           }

           Frame Bip01_R_Finger1Nub {
            

            FrameTransformMatrix {
             -1.000000,0.000000,0.000000,0.000000,0.000000,1.000000,-0.000000,0.000000,-0.000000,0.000000,-1.000000,0.000000,0.047988,0.000000,-0.000000,1.000000;;
            }
           }
          }
         }
        }
       }
      }
     }

     Frame Bip01_BackPack {
      

      FrameTransformMatrix {
       0.190104,-0.000002,-0.981764,0.000000,0.000003,1.000000,-0.000002,0.000000,0.981764,-0.000002,0.190104,0.000000,0.063697,-0.000000,-0.088856,1.000000;;
      }

      Frame Bip01_BackPackNub {
       

       FrameTransformMatrix {
        0.000796,0.000003,1.000000,0.000000,0.000000,-1.000000,0.000003,0.000000,1.000000,0.000000,-0.000796,0.000000,0.053240,-0.000000,0.000000,1.000000;;
       }
      }
     }
    }

    Frame Bip01_L_Thigh {
     

     FrameTransformMatrix {
      -0.988819,0.057665,0.137522,0.000000,-0.058733,-0.998267,-0.003717,0.000000,0.137069,-0.011753,0.990492,0.000000,-0.053448,0.055196,0.000359,1.000000;;
     }

     Frame Bip01_L_Calf {
      

      FrameTransformMatrix {
       0.950577,-0.000000,-0.310489,0.000000,-0.000000,1.000000,-0.000000,0.000000,0.310489,-0.000000,0.950577,0.000000,0.237500,0.000000,0.000000,1.000000;;
      }

      Frame Bip01_L_Foot {
       

       FrameTransformMatrix {
        0.979668,0.058821,0.191809,0.000000,-0.048410,0.997112,-0.058523,0.000000,-0.194698,0.048048,0.979686,0.000000,0.206841,0.000000,0.000000,1.000000;;
       }

       Frame Bip01_L_Toe0 {
        

        FrameTransformMatrix {
         0.000242,-0.000017,1.000000,0.000000,0.000017,1.000000,0.000017,0.000000,-1.000000,0.000017,0.000242,0.000000,0.065373,0.000000,0.066450,1.000000;;
        }

        Frame Bip01_L_Toe0Nub {
         

         FrameTransformMatrix {
          -1.000000,-0.000000,0.000000,0.000000,-0.000000,1.000000,-0.000000,0.000000,-0.000000,-0.000000,-1.000000,0.000000,0.006735,0.000000,0.000000,1.000000;;
         }
        }
       }
      }
     }
    }

    Frame Bip01_R_Thigh {
     

     FrameTransformMatrix {
      -0.997193,-0.018409,0.072579,0.000000,0.017395,-0.999742,-0.014584,0.000000,0.072829,-0.013281,0.997256,0.000000,-0.049818,-0.055192,-0.000578,1.000000;;
     }

     Frame Bip01_R_Calf {
      

      FrameTransformMatrix {
       0.978583,0.000000,-0.205851,0.000000,0.000000,1.000000,0.000000,0.000000,0.205851,-0.000000,0.978583,0.000000,0.237500,0.000000,-0.000000,1.000000;;
      }

      Frame Bip01_R_Foot {
       

       FrameTransformMatrix {
        0.988688,-0.017489,0.148963,0.000000,0.023006,0.999108,-0.035396,0.000000,-0.148211,0.038423,0.988209,0.000000,0.206841,0.000000,0.000000,1.000000;;
       }

       Frame Bip01_R_Toe0 {
        

        FrameTransformMatrix {
         -0.000001,-0.000004,1.000000,0.000000,0.000002,1.000000,0.000004,0.000000,-1.000000,0.000002,-0.000001,0.000000,0.065373,0.000000,0.066450,1.000000;;
        }

        Frame Bip01_R_Toe0Nub {
         

         FrameTransformMatrix {
          1.000000,0.000000,0.000000,0.000000,0.000000,1.000000,0.000000,0.000000,0.000000,-0.000000,1.000000,0.000000,0.006735,0.000000,0.000000,1.000000;;
         }
        }
       }
      }
     }
    }
   }

   Frame Bip01_DressFront {
    

    FrameTransformMatrix {
     -0.999945,-0.000001,0.010498,0.000000,-0.000001,1.000000,-0.000001,0.000000,-0.010498,-0.000001,-0.999945,0.000000,-0.044000,0.001399,0.061088,1.000000;;
    }

    Frame Bip01_DressFront02 {
     

     FrameTransformMatrix {
      1.000000,-0.000000,0.000000,0.000000,-0.000000,1.000000,-0.000000,0.000000,0.000000,-0.000000,1.000000,0.000000,0.183324,-0.000000,-0.000132,1.000000;;
     }

     Frame Bip01_DressFrontNub {
      

      FrameTransformMatrix {
       0.000796,0.000003,1.000000,0.000000,0.000000,-1.000000,0.000003,0.000000,1.000000,-0.000000,-0.000796,0.000000,0.165302,0.000000,0.000000,1.000000;;
      }
     }
    }
   }

   Frame Bip01_DressBack {
    

    FrameTransformMatrix {
     -0.995580,-0.000002,0.093915,0.000000,-0.000002,1.000000,-0.000001,0.000000,-0.093915,-0.000002,-0.995580,0.000000,-0.047719,0.000000,-0.078280,1.000000;;
    }

    Frame Bip01_DressBack02 {
     

     FrameTransformMatrix {
      0.990815,0.000000,0.135222,0.000000,-0.000000,1.000000,-0.000000,0.000000,-0.135222,-0.000000,0.990815,0.000000,0.176173,0.000000,-0.000108,1.000000;;
     }

     Frame Bip01_DressBackNub {
      

      FrameTransformMatrix {
       0.000796,0.000003,1.000000,0.000000,0.000000,-1.000000,0.000003,0.000000,1.000000,-0.000000,-0.000796,0.000000,0.136508,-0.000000,0.000000,1.000000;;
      }
     }
    }
   }
  }

  Frame Bip01_Prop1 {
   

   FrameTransformMatrix {
    -0.155612,0.289316,0.944501,0.000000,0.987458,0.071389,0.140822,0.000000,-0.026685,0.954568,-0.296796,0.000000,-0.012573,-0.107488,-0.125457,1.000000;;
   }
  }

  Frame Bip01_Prop2 {
   

   FrameTransformMatrix {
    0.684917,-0.282035,-0.671822,0.000000,0.537644,0.817935,0.204749,0.000000,0.491760,-0.501437,0.711852,0.000000,0.117979,0.103589,0.023019,1.000000;;
   }
  }
 }
}

Frame Translation_Data {
 

 FrameTransformMatrix {
  -0.000000,0.000000,-1.000000,0.000000,-1.000000,-0.000000,0.000000,0.000000,-0.000000,1.000000,0.000000,0.000000,0.000000,-0.000000,0.000000,1.000000;;
 }
}

Frame Body {
 

 FrameTransformMatrix {
  1.000000,0.000000,0.000000,0.000000,0.000000,1.000000,0.000000,0.000000,0.000000,0.000000,1.000000,0.000000,0.000000,0.000000,0.000000,1.000000;;
 }

 Mesh Body {
  617;
  0.059973;0.768992;0.012018;,
  0.018500;0.793501;0.025984;,
  0.024956;0.766586;0.006685;,
  0.068374;0.750002;0.006461;,
  0.075909;0.739073;0.005181;,
  0.033849;0.737960;-0.013812;,
  0.047450;0.704418;-0.024107;,
  0.082165;0.703601;0.009276;,
  0.017372;0.809826;0.065085;,
  0.060287;0.786451;0.060227;,
  0.065419;0.781265;0.089747;,
  0.033175;0.785464;0.094543;,
  0.073348;0.552292;0.070814;,
  0.030856;0.549406;0.093365;,
  0.031931;0.561946;0.087374;,
  0.066627;0.563317;0.066827;,
  0.063953;0.563629;0.010702;,
  0.075487;0.536190;0.030743;,
  0.037462;0.559481;-0.021209;,
  0.032975;0.504136;-0.009616;,
  0.061405;0.513078;0.001037;,
  -0.006839;0.740161;-0.018815;,
  -0.006005;0.704141;-0.034947;,
  -0.011238;0.546514;0.091330;,
  -0.010971;0.560949;0.085316;,
  0.038506;0.654712;0.095318;,
  -0.013701;0.655452;0.096446;,
  -0.014409;0.690781;0.105863;,
  0.042730;0.693121;0.105073;,
  0.049275;0.466444;-0.013829;,
  0.058977;0.369410;-0.026068;,
  0.095810;0.365367;0.003640;,
  0.082438;0.462640;0.024273;,
  0.062431;0.273497;-0.038676;,
  0.089406;0.271700;0.006691;,
  0.000240;0.463961;0.004971;,
  -0.003093;0.437266;0.089956;,
  0.013878;0.356261;0.072466;,
  0.010388;0.364698;-0.002952;,
  0.034085;0.270895;0.042964;,
  0.032980;0.269098;0.000844;,
  0.075000;0.440088;0.081600;,
  0.093653;0.359161;0.068076;,
  0.074680;0.274665;0.044490;,
  0.088924;-0.001531;0.054226;,
  0.044028;-0.001507;0.051158;,
  0.049358;-0.001626;0.099686;,
  0.084215;-0.001649;0.099419;,
  0.064251;0.216203;-0.007687;,
  0.064931;0.143225;0.005146;,
  0.092801;0.146204;0.035062;,
  0.094293;0.219804;0.022305;,
  0.067433;0.065784;0.020589;,
  0.086438;0.067967;0.049752;,
  0.022270;0.200191;0.016513;,
  0.020763;0.222657;0.067501;,
  0.029411;0.157379;0.069168;,
  0.034287;0.143317;0.029011;,
  0.052783;0.079782;0.071058;,
  0.050123;0.059841;0.046108;,
  0.092387;0.232267;0.070112;,
  0.091448;0.157747;0.071813;,
  0.076820;0.085170;0.071163;,
  0.080381;0.507248;0.036680;,
  -0.007719;0.497579;-0.023189;,
  -0.009498;0.463370;-0.008602;,
  0.000240;0.463961;0.004971;,
  0.079536;0.502961;0.091127;,
  0.028478;0.503743;0.112909;,
  0.073774;0.453255;0.087401;,
  0.027140;0.457005;0.107638;,
  0.034990;0.609160;0.085127;,
  0.071151;0.654552;0.079215;,
  0.083572;0.660979;0.063237;,
  0.080160;0.669014;0.009555;,
  0.063500;0.616679;0.010456;,
  0.068334;0.611079;0.061343;,
  0.047927;0.670046;-0.028331;,
  0.042201;0.614606;-0.020383;,
  -0.006125;0.670242;-0.037964;,
  -0.006384;0.610353;-0.028077;,
  0.096780;0.726104;-0.001787;,
  0.056329;0.713754;0.031481;,
  0.124496;0.684731;-0.011012;,
  0.080723;0.658454;0.020348;,
  0.113743;0.624371;0.023550;,
  0.149147;0.643700;-0.003380;,
  0.092451;0.709282;0.080339;,
  0.116509;0.664463;0.075563;,
  0.080723;0.658454;0.020348;,
  0.140534;0.606435;0.050836;,
  0.113743;0.624371;0.023550;,
  0.102364;0.714359;0.082433;,
  0.132325;0.731130;0.053529;,
  0.160288;0.691063;0.044264;,
  0.175855;0.625466;0.023865;,
  0.117657;0.732670;0.018638;,
  0.139006;0.657896;-0.013222;,
  0.095503;0.636618;0.017683;,
  0.069480;0.627120;-0.036304;,
  0.098415;0.641370;-0.053827;,
  0.054435;0.620561;-0.075110;,
  0.067661;0.624034;-0.089746;,
  0.095503;0.636618;0.017683;,
  0.124129;0.580568;0.020387;,
  0.100592;0.579250;-0.040112;,
  0.069480;0.627120;-0.036304;,
  0.066405;0.587587;-0.072395;,
  0.054435;0.620561;-0.075110;,
  0.167342;0.601879;-0.010301;,
  0.122783;0.590556;-0.053294;,
  0.081594;0.590034;-0.089474;,
  -0.025270;0.627808;-0.145125;,
  -0.005805;0.630305;-0.135188;,
  -0.002332;0.590032;-0.109021;,
  -0.021429;0.587999;-0.119135;,
  0.012530;0.640294;-0.129925;,
  0.003960;0.633887;-0.133289;,
  0.006812;0.633011;-0.143879;,
  0.015423;0.644619;-0.140367;,
  0.022805;0.598310;-0.080464;,
  0.003810;0.582670;-0.108580;,
  0.030576;0.618247;-0.136921;,
  0.038851;0.636228;-0.108336;,
  0.046908;0.574011;-0.096592;,
  0.009677;0.569486;-0.122359;,
  0.064951;0.613214;-0.125568;,
  0.036119;0.603606;-0.149225;,
  0.090612;0.775166;0.062929;,
  0.097449;0.779459;0.034128;,
  0.060287;0.786451;0.060227;,
  0.059956;0.785067;0.035629;,
  0.080483;0.698523;0.090398;,
  0.028418;0.805573;0.038914;,
  0.089846;0.765630;0.010731;,
  0.059973;0.768992;0.012018;,
  0.068374;0.750002;0.006461;,
  0.081189;0.738370;0.011284;,
  0.085564;0.740882;0.092405;,
  0.043366;0.730654;0.105889;,
  0.088441;0.745344;0.089158;,
  -0.014484;0.725062;0.105190;,
  -0.013230;0.781835;0.085643;,
  0.065419;0.781265;0.089747;,
  0.088441;0.745344;0.089158;,
  0.073975;0.727227;0.032870;,
  0.087921;0.735768;0.078530;,
  0.056329;0.713754;0.031481;,
  0.084541;0.698613;0.058271;,
  0.079695;0.698865;0.023188;,
  0.075909;0.739073;0.005181;,
  0.088924;0.699828;0.074685;,
  0.038851;0.636228;-0.108336;,
  0.013386;0.839086;0.042489;,
  0.022388;0.830758;0.022950;,
  -0.011747;0.811535;0.068226;,
  -0.012480;0.843628;0.050080;,
  0.036119;0.603606;-0.149225;,
  -0.025270;0.627808;-0.145125;,
  -0.021429;0.587999;-0.119135;,
  0.029132;0.635322;-0.120032;,
  0.033429;0.637802;-0.145456;,
  0.029132;0.635322;-0.120032;,
  0.018617;0.623406;-0.128049;,
  0.027426;0.616860;-0.150079;,
  0.027426;0.616860;-0.150079;,
  0.012530;0.640294;-0.129925;,
  0.015423;0.644619;-0.140367;,
  0.006812;0.633011;-0.143879;,
  0.095163;0.020153;-0.022604;,
  0.063588;0.017129;-0.060114;,
  0.064908;-0.001449;-0.067355;,
  0.100723;-0.001470;-0.029846;,
  0.045613;0.031787;0.089064;,
  0.049358;-0.001626;0.099686;,
  0.044028;-0.001507;0.051158;,
  0.042657;0.023451;0.048632;,
  0.052783;0.079782;0.071058;,
  0.076820;0.085170;0.071163;,
  0.087153;0.034808;0.088532;,
  0.088924;-0.001531;0.054226;,
  0.084215;-0.001649;0.099419;,
  0.090074;0.033415;0.051762;,
  0.067433;0.065784;0.020589;,
  0.086438;0.067967;0.049752;,
  0.029968;-0.001440;-0.056900;,
  0.036095;0.014094;-0.049661;,
  0.100723;-0.001470;-0.029846;,
  0.029968;-0.001440;-0.056900;,
  0.010388;0.364698;-0.002952;,
  0.032980;0.269098;0.000844;,
  0.022270;0.200191;0.016513;,
  0.034287;0.143317;0.029011;,
  0.050123;0.059841;0.046108;,
  0.050123;0.059841;0.046108;,
  -0.012146;0.451821;0.042029;,
  0.034237;0.831151;0.010557;,
  0.027715;0.826659;-0.009388;,
  0.018545;0.820257;-0.008397;,
  0.014452;0.822181;0.007661;,
  0.024383;0.851494;0.032169;,
  0.014474;0.862475;0.051242;,
  0.011628;0.968869;-0.010613;,
  -0.007862;0.973694;-0.012915;,
  -0.005156;0.959931;-0.039267;,
  0.029659;0.899716;-0.052341;,
  0.025635;0.928479;-0.046075;,
  0.013496;0.898495;-0.060708;,
  0.039618;0.858894;0.013434;,
  0.034281;0.846640;-0.013144;,
  0.031925;0.842927;0.018609;,
  0.039498;0.894738;0.028894;,
  0.042560;0.903497;0.006180;,
  0.043139;0.939862;-0.001695;,
  0.037325;0.936115;-0.028756;,
  0.041128;0.897684;-0.020403;,
  0.022427;0.908917;0.063014;,
  0.035238;0.899468;0.044445;,
  -0.017640;0.910961;0.069811;,
  -0.015379;0.957683;0.054268;,
  0.018346;0.954780;0.047778;,
  0.041078;0.875098;-0.018082;,
  0.029142;0.868857;-0.042493;,
  0.026292;0.836367;-0.027360;,
  0.012656;0.811342;-0.039223;,
  -0.005784;0.807576;-0.050462;,
  -0.008083;0.806736;-0.029462;,
  0.020575;0.948356;-0.038889;,
  0.030962;0.958382;-0.007521;,
  0.035383;0.950866;0.030824;,
  0.023188;0.967868;0.019684;,
  -0.011869;0.976511;0.024164;,
  0.005472;0.973935;0.023844;,
  -0.017078;0.871927;0.060312;,
  0.035383;0.950866;0.030824;,
  0.023188;0.967868;0.019684;,
  0.044362;0.889343;0.016384;,
  0.044178;0.861500;0.013144;,
  0.049384;0.889626;0.030274;,
  0.047492;0.908172;0.020776;,
  0.049384;0.889626;0.030274;,
  0.044178;0.861500;0.013144;,
  0.047492;0.908172;0.020776;,
  0.042560;0.903497;0.006180;,
  0.043348;0.878908;0.000877;,
  0.039618;0.858894;0.013434;,
  0.029257;0.891079;-0.043736;,
  0.043348;0.878908;0.000877;,
  0.028418;0.805573;0.038914;,
  0.022388;0.830758;0.022950;,
  0.059956;0.785067;0.035629;,
  0.024383;0.851494;0.032169;,
  -0.008401;0.784981;0.004502;,
  -0.007689;0.763277;-0.004677;,
  -0.005801;0.558360;-0.026850;,
  -0.013561;0.502487;0.110844;,
  -0.014578;0.468287;0.108402;,
  -0.014993;0.448727;0.102424;,
  -0.012562;0.802750;-0.009641;,
  -0.012146;0.451821;0.042029;,
  0.005472;0.973935;0.023844;,
  -0.011869;0.976511;0.024164;,
  0.014389;0.842574;-0.045956;,
  0.008039;0.865022;-0.054762;,
  0.008090;0.855370;-0.054526;,
  -0.004001;0.949868;-0.050987;,
  -0.002971;0.927426;-0.062934;,
  0.010276;0.890059;-0.051329;,
  -0.012539;0.608594;0.084621;,
  0.059956;0.785067;0.035629;,
  0.064908;-0.001449;-0.067355;,
  0.013659;0.836019;-0.045479;,
  0.006752;0.833744;-0.053123;,
  0.006262;0.838717;-0.049783;,
  -0.002932;0.862397;-0.070527;,
  -0.004086;0.854310;-0.060833;,
  0.006597;0.842422;-0.054767;,
  -0.005280;0.839134;-0.051574;,
  -0.004767;0.832113;-0.057055;,
  -0.002667;0.897274;-0.069074;,
  -0.003246;0.888070;-0.064787;,
  0.087921;0.735768;0.078530;,
  -0.004352;0.842468;-0.059716;,
  0.069448;0.728224;0.050519;,
  0.073975;0.727227;0.032870;,
  0.075909;0.739073;0.005181;,
  0.035238;0.899468;0.044445;,
  0.064251;0.216203;-0.007687;,
  0.014886;0.219820;-0.021709;,
  0.024957;0.143258;-0.011465;,
  0.064931;0.143225;0.005146;,
  0.062431;0.273497;-0.038676;,
  0.018456;0.277499;-0.034449;,
  0.058977;0.369410;-0.026068;,
  0.005016;0.370605;-0.026860;,
  0.049275;0.466444;-0.013829;,
  0.000912;0.459306;-0.025518;,
  0.032975;0.504136;-0.009616;,
  0.025728;0.070669;-0.007457;,
  0.067433;0.065784;0.020589;,
  0.030879;0.151979;0.097305;,
  0.035575;0.082529;0.106877;,
  -0.018008;0.079979;0.124897;,
  -0.016985;0.152987;0.116983;,
  -0.014661;0.219310;0.100908;,
  0.024458;0.222941;0.081659;,
  -0.014349;0.280317;0.098724;,
  0.025484;0.269582;0.072766;,
  0.012115;0.355150;0.087281;,
  -0.015188;0.367603;0.101684;,
  -0.015570;0.440608;0.110235;,
  0.069448;0.728224;0.050519;,
  -0.076413;0.766525;0.003407;,
  -0.083303;0.747908;-0.003059;,
  -0.041474;0.766645;0.002597;,
  -0.037520;0.793520;0.022926;,
  -0.092840;0.739157;-0.006707;,
  -0.098805;0.703723;-0.001512;,
  -0.060369;0.704490;-0.030535;,
  -0.047838;0.738034;-0.018839;,
  -0.040573;0.809828;0.062124;,
  -0.060370;0.785548;0.088787;,
  -0.090480;0.780847;0.080262;,
  -0.082885;0.783753;0.051404;,
  -0.093093;0.557769;0.063358;,
  -0.086279;0.567339;0.059732;,
  -0.053767;0.564200;0.083398;,
  -0.053066;0.552167;0.089606;,
  -0.078377;0.567373;0.004097;,
  -0.092696;0.541725;0.023209;,
  -0.049284;0.561762;-0.025234;,
  -0.077734;0.517302;-0.005275;,
  -0.048944;0.506832;-0.013285;,
  -0.010971;0.560949;0.085316;,
  -0.011238;0.546514;0.091330;,
  -0.065439;0.654752;0.089375;,
  -0.071045;0.693197;0.098291;,
  -0.014409;0.690781;0.105863;,
  -0.013701;0.655452;0.096446;,
  -0.064469;0.467719;-0.017029;,
  -0.100554;0.465111;0.018376;,
  -0.107490;0.365407;0.003810;,
  -0.068444;0.369206;-0.022958;,
  -0.097741;0.272415;0.013688;,
  -0.067047;0.274670;-0.029443;,
  -0.016284;0.468024;0.006496;,
  -0.021856;0.368108;0.004350;,
  -0.031430;0.364270;0.079616;,
  -0.021657;0.443365;0.091655;,
  -0.040962;0.272104;0.012718;,
  -0.045770;0.274503;0.054747;,
  -0.110593;0.363355;0.068474;,
  -0.098119;0.445649;0.076915;,
  -0.086465;0.276591;0.052726;,
  -0.091698;-0.001512;0.054213;,
  -0.086989;-0.001619;0.099406;,
  -0.052132;-0.001596;0.099673;,
  -0.046803;-0.001489;0.051145;,
  -0.069074;0.218528;-0.000586;,
  -0.101742;0.219583;0.026740;,
  -0.098206;0.145593;0.036487;,
  -0.067732;0.145071;0.009071;,
  -0.089601;0.067381;0.048845;,
  -0.068892;0.066562;0.020799;,
  -0.028713;0.203086;0.026561;,
  -0.039317;0.145276;0.035550;,
  -0.038568;0.157678;0.076535;,
  -0.032622;0.223252;0.078376;,
  -0.052897;0.059858;0.046080;,
  -0.057596;0.079442;0.072426;,
  -0.100558;0.155497;0.073664;,
  -0.104547;0.229925;0.075006;,
  -0.081722;0.084187;0.071247;,
  -0.099989;0.513183;0.028600;,
  -0.016284;0.468024;0.006496;,
  -0.055444;0.506505;0.109149;,
  -0.104294;0.509010;0.082892;,
  -0.054746;0.461753;0.105039;,
  -0.098959;0.458989;0.081231;,
  -0.059836;0.609488;0.079972;,
  -0.096036;0.654617;0.069657;,
  -0.106550;0.661053;0.052367;,
  -0.090381;0.611628;0.052714;,
  -0.080000;0.617175;0.002655;,
  -0.097035;0.669082;-0.000575;,
  -0.055488;0.614943;-0.025694;,
  -0.060694;0.670088;-0.034541;,
  -0.133839;0.711872;0.000818;,
  -0.150707;0.665773;0.013282;,
  -0.080031;0.712198;0.001267;,
  -0.156600;0.613301;0.027300;,
  -0.109218;0.602719;0.025263;,
  -0.092280;0.652731;0.010796;,
  -0.076455;0.711376;0.062082;,
  -0.092280;0.652731;0.010796;,
  -0.087031;0.663312;0.075804;,
  -0.109218;0.602719;0.025263;,
  -0.104177;0.612223;0.078763;,
  -0.083865;0.715181;0.069766;,
  -0.145501;0.676678;0.078324;,
  -0.128114;0.721553;0.065796;,
  -0.151418;0.622721;0.080855;,
  -0.138694;0.718838;0.029525;,
  -0.165590;0.592295;0.020309;,
  -0.167030;0.532698;0.016380;,
  -0.132527;0.520214;0.015312;,
  -0.110354;0.576606;0.018530;,
  -0.170020;0.482443;0.016771;,
  -0.144287;0.481983;0.016469;,
  -0.110354;0.576606;0.018530;,
  -0.132527;0.520214;0.015312;,
  -0.138400;0.521926;0.072203;,
  -0.107644;0.576555;0.081401;,
  -0.144287;0.481983;0.016469;,
  -0.150436;0.480891;0.055596;,
  -0.164789;0.531800;0.072686;,
  -0.162576;0.592200;0.083322;,
  -0.169091;0.480291;0.054493;,
  -0.146012;0.351460;-0.001513;,
  -0.142128;0.362577;0.044708;,
  -0.126318;0.377436;0.045328;,
  -0.130001;0.366544;-0.001431;,
  -0.137812;0.403896;-0.020859;,
  -0.147843;0.405000;-0.026711;,
  -0.151581;0.396066;-0.015421;,
  -0.140657;0.394967;-0.014695;,
  -0.134329;0.450482;0.052873;,
  -0.134010;0.453867;0.003269;,
  -0.150486;0.423303;0.001439;,
  -0.141776;0.413871;0.052628;,
  -0.159258;0.404260;0.052298;,
  -0.172052;0.447887;0.054168;,
  -0.172795;0.452239;0.002376;,
  -0.168021;0.414032;0.003178;,
  -0.113790;0.768894;0.049881;,
  -0.117263;0.772788;0.020459;,
  -0.080291;0.782008;0.026735;,
  -0.082885;0.783753;0.051404;,
  -0.106779;0.698649;0.079234;,
  -0.048852;0.805561;0.035148;,
  -0.107360;0.759291;-0.001526;,
  -0.103357;0.732123;-0.004090;,
  -0.083303;0.747908;-0.003059;,
  -0.076413;0.766525;0.003407;,
  -0.107506;0.741480;0.079190;,
  -0.109573;0.745834;0.075878;,
  -0.071972;0.730758;0.098791;,
  -0.014484;0.725062;0.105190;,
  -0.013230;0.781835;0.085643;,
  -0.090480;0.780847;0.080262;,
  -0.109573;0.745834;0.075878;,
  -0.092448;0.726727;0.021189;,
  -0.080031;0.712198;0.001267;,
  -0.108476;0.735592;0.064831;,
  -0.098012;0.698984;0.012594;,
  -0.106992;0.698742;0.046852;,
  -0.092840;0.739157;-0.006707;,
  -0.113292;0.699964;0.062629;,
  -0.134010;0.453867;0.003269;,
  -0.047581;0.830619;0.023864;,
  -0.038377;0.838983;0.043164;,
  -0.012480;0.843628;0.050080;,
  -0.011747;0.811535;0.068226;,
  -0.168021;0.414032;0.003178;,
  -0.146012;0.351460;-0.001513;,
  -0.142128;0.362577;0.044708;,
  -0.156673;0.422014;-0.021311;,
  -0.131520;0.421944;-0.015123;,
  -0.131520;0.421944;-0.015123;,
  -0.139396;0.410402;-0.004098;,
  -0.163262;0.415579;-0.001034;,
  -0.163262;0.415579;-0.001034;,
  -0.147843;0.405000;-0.026711;,
  -0.137812;0.403896;-0.020859;,
  -0.151581;0.396066;-0.015421;,
  -0.097939;0.020154;-0.022622;,
  -0.103499;-0.001471;-0.029858;,
  -0.067685;-0.001459;-0.067368;,
  -0.066364;0.017120;-0.060131;,
  -0.048386;0.031814;0.089042;,
  -0.045431;0.023468;0.048613;,
  -0.046803;-0.001489;0.051145;,
  -0.052132;-0.001596;0.099673;,
  -0.057596;0.079442;0.072426;,
  -0.089926;0.034836;0.088511;,
  -0.081722;0.084187;0.071247;,
  -0.091698;-0.001512;0.054213;,
  -0.092848;0.033434;0.051741;,
  -0.086989;-0.001619;0.099406;,
  -0.068892;0.066562;0.020799;,
  -0.089601;0.067381;0.048845;,
  -0.038871;0.014087;-0.049678;,
  -0.032745;-0.001448;-0.056914;,
  -0.032745;-0.001448;-0.056914;,
  -0.103499;-0.001471;-0.029858;,
  -0.021856;0.368108;0.004350;,
  -0.040962;0.272104;0.012718;,
  -0.028713;0.203086;0.026561;,
  -0.039317;0.145276;0.035550;,
  -0.052897;0.059858;0.046080;,
  -0.052897;0.059858;0.046080;,
  -0.057433;0.832262;0.000565;,
  -0.039748;0.822073;0.008369;,
  -0.038292;0.820946;-0.014592;,
  -0.046876;0.827563;-0.017519;,
  -0.051981;0.852420;0.023845;,
  -0.046153;0.863210;0.044634;,
  -0.027499;0.969344;-0.014878;,
  -0.007862;0.973694;-0.012915;,
  -0.037771;0.900533;-0.059691;,
  -0.020218;0.898904;-0.064383;,
  -0.034503;0.929209;-0.052630;,
  -0.051998;0.847686;-0.022549;,
  -0.062641;0.860134;0.002288;,
  -0.056628;0.844001;0.008956;,
  -0.064995;0.896006;0.017504;,
  -0.062880;0.904776;-0.005314;,
  -0.055896;0.898861;-0.030979;,
  -0.049463;0.937167;-0.038216;,
  -0.060878;0.941123;-0.013034;,
  -0.064072;0.900673;0.033620;,
  -0.055339;0.909860;0.054537;,
  -0.017640;0.910961;0.069811;,
  -0.046974;0.955573;0.040658;,
  -0.015379;0.957683;0.054268;,
  -0.056888;0.876286;-0.028761;,
  -0.041384;0.837188;-0.034737;,
  -0.040127;0.869697;-0.050044;,
  -0.026116;0.811812;-0.043449;,
  -0.030634;0.948978;-0.044472;,
  -0.047291;0.959331;-0.016051;,
  -0.045335;0.968699;0.012215;,
  -0.060047;0.952023;0.020421;,
  -0.028791;0.974351;0.020110;,
  -0.011869;0.976511;0.024164;,
  -0.017078;0.871927;0.060312;,
  -0.060047;0.952023;0.020421;,
  -0.045335;0.968699;0.012215;,
  -0.074897;0.891133;0.016727;,
  -0.066871;0.862847;0.001039;,
  -0.067177;0.890696;0.004225;,
  -0.070546;0.909603;0.007910;,
  -0.066871;0.862847;0.001039;,
  -0.074897;0.891133;0.016727;,
  -0.070546;0.909603;0.007910;,
  -0.062880;0.904776;-0.005314;,
  -0.063097;0.880199;-0.010726;,
  -0.062641;0.860134;0.002288;,
  -0.039439;0.891912;-0.051224;,
  -0.063097;0.880199;-0.010726;,
  -0.047581;0.830619;0.023864;,
  -0.048852;0.805561;0.035148;,
  -0.080291;0.782008;0.026735;,
  -0.051981;0.852420;0.023845;,
  -0.013561;0.502487;0.110844;,
  -0.014578;0.468287;0.108402;,
  -0.014993;0.448727;0.102424;,
  -0.012146;0.451821;0.042029;,
  -0.028791;0.974351;0.020110;,
  -0.011869;0.976511;0.024164;,
  -0.025609;0.843059;-0.050316;,
  -0.017306;0.855678;-0.057294;,
  -0.016975;0.865326;-0.057489;,
  -0.019297;0.890418;-0.054553;,
  -0.012539;0.608594;0.084621;,
  -0.080291;0.782008;0.026735;,
  -0.067685;-0.001459;-0.067368;,
  -0.016821;0.834030;-0.055692;,
  -0.025156;0.836490;-0.049710;,
  -0.016943;0.838998;-0.052312;,
  -0.016107;0.842697;-0.057241;,
  -0.108476;0.735592;0.064831;,
  -0.089237;0.728277;0.038000;,
  -0.092448;0.726727;0.021189;,
  -0.092840;0.739157;-0.006707;,
  -0.064072;0.900673;0.033620;,
  -0.033391;0.223842;-0.017350;,
  -0.042648;0.147413;-0.010388;,
  -0.013900;0.146541;-0.015660;,
  -0.012464;0.224213;-0.018495;,
  -0.035220;0.279232;-0.028207;,
  -0.010438;0.279090;-0.026713;,
  -0.022909;0.371901;-0.023154;,
  -0.009399;0.369585;-0.023740;,
  -0.017252;0.460827;-0.024794;,
  -0.008193;0.455412;-0.026052;,
  -0.007719;0.497579;-0.023189;,
  -0.048944;0.506832;-0.013285;,
  -0.045255;0.075090;-0.008107;,
  -0.014949;0.080206;-0.017133;,
  -0.038538;0.078106;0.110218;,
  -0.081708;0.084188;0.071250;,
  -0.100558;0.155497;0.073664;,
  -0.040946;0.152882;0.101602;,
  -0.104547;0.229925;0.075006;,
  -0.041269;0.220315;0.093117;,
  -0.039992;0.275111;0.089178;,
  -0.086465;0.276591;0.052726;,
  -0.110593;0.363355;0.068474;,
  -0.030824;0.363239;0.097078;,
  -0.014578;0.468287;0.108402;,
  -0.054746;0.461753;0.105039;,
  -0.089237;0.728277;0.038000;,
  -0.064469;0.467719;-0.017029;,
  -0.068444;0.369206;-0.022958;,
  -0.067047;0.274670;-0.029443;,
  -0.069074;0.218528;-0.000586;,
  -0.067732;0.145071;0.009071;,
  -0.068892;0.066562;0.020799;,
  0.075000;0.440088;0.081600;,
  0.093653;0.359161;0.068076;,
  0.027140;0.457005;0.107638;,
  0.074680;0.274665;0.044490;,
  0.092387;0.232267;0.070112;,
  0.091448;0.157747;0.071813;,
  0.076820;0.085170;0.071163;,
  -0.098119;0.445649;0.076915;;
  916;
  3;0,2,1;,
  3;2,0,3;,
  3;4,6,5;,
  3;6,4,7;,
  3;8,10,9;,
  3;10,8,11;,
  3;12,14,13;,
  3;14,12,15;,
  3;16,12,17;,
  3;12,16,15;,
  3;18,20,19;,
  3;20,18,16;,
  3;5,22,21;,
  3;22,5,6;,
  3;13,24,23;,
  3;24,13,14;,
  3;25,27,26;,
  3;27,25,28;,
  3;29,31,30;,
  3;31,29,32;,
  3;31,33,30;,
  3;33,31,34;,
  3;35,37,36;,
  3;37,35,38;,
  3;38,39,37;,
  3;39,38,40;,
  3;36,42,41;,
  3;42,36,37;,
  3;37,43,42;,
  3;43,37,39;,
  3;41,31,32;,
  3;31,41,42;,
  3;42,34,31;,
  3;34,42,43;,
  3;44,46,45;,
  3;46,44,47;,
  3;48,50,49;,
  3;50,48,51;,
  3;49,53,52;,
  3;53,49,50;,
  3;54,56,55;,
  3;56,54,57;,
  3;57,58,56;,
  3;58,57,59;,
  3;55,61,60;,
  3;61,55,56;,
  3;56,62,61;,
  3;62,56,58;,
  3;60,50,51;,
  3;50,60,61;,
  3;61,53,50;,
  3;53,61,62;,
  3;32,20,63;,
  3;20,32,29;,
  3;64,66,65;,
  3;66,64,19;,
  3;13,67,12;,
  3;67,13,68;,
  3;68,69,67;,
  3;69,68,70;,
  3;70,41,69;,
  3;41,70,36;,
  3;48,34,51;,
  3;34,48,33;,
  3;51,43,60;,
  3;43,51,34;,
  3;43,55,60;,
  3;55,43,39;,
  3;39,54,55;,
  3;54,39,40;,
  3;12,63,17;,
  3;63,12,67;,
  3;67,32,63;,
  3;32,67,69;,
  3;69,41,32;,
  3;71,72,25;,
  3;73,75,74;,
  3;75,73,76;,
  3;75,77,74;,
  3;77,75,78;,
  3;79,78,80;,
  3;78,79,77;,
  3;81,83,82;,
  3;83,85,84;,
  3;85,83,86;,
  3;87,89,88;,
  3;89,90,88;,
  3;90,89,91;,
  3;92,94,93;,
  3;92,88,94;,
  3;92,87,88;,
  3;88,95,94;,
  3;95,88,90;,
  3;96,94,83;,
  3;94,86,83;,
  3;86,94,95;,
  3;97,99,98;,
  3;99,97,100;,
  3;100,101,99;,
  3;101,100,102;,
  3;103,105,104;,
  3;105,103,106;,
  3;106,107,105;,
  3;107,106,108;,
  3;104,110,109;,
  3;110,104,105;,
  3;105,111,110;,
  3;111,105,107;,
  3;109,100,97;,
  3;100,109,110;,
  3;110,102,100;,
  3;102,110,111;,
  3;112,114,113;,
  3;114,112,115;,
  3;116,118,117;,
  3;118,116,119;,
  3;120,122,121;,
  3;122,120,123;,
  3;120,125,124;,
  3;125,120,121;,
  3;126,125,127;,
  3;125,126,124;,
  3;95,97,86;,
  3;97,95,109;,
  3;86,98,85;,
  3;98,86,97;,
  3;90,103,104;,
  3;103,90,91;,
  3;104,95,90;,
  3;95,104,109;,
  3;128,96,129;,
  3;96,128,93;,
  3;129,130,128;,
  3;130,129,131;,
  3;72,28,25;,
  3;28,72,132;,
  3;9,133,8;,
  3;134,136,135;,
  3;136,134,137;,
  3;81,137,134;,
  3;138,11,139;,
  3;138,10,11;,
  3;138,140,10;,
  3;141,11,142;,
  3;11,141,139;,
  3;128,130,143;,
  3;93,144,92;,
  3;93,143,144;,
  3;93,128,143;,
  3;145,87,146;,
  3;87,145,147;,
  3;74,148,73;,
  3;148,74,149;,
  3;150,147,145;,
  3;7,149,74;,
  3;148,151,73;,
  3;102,152,101;,
  3;152,102,126;,
  3;102,124,126;,
  3;124,102,111;,
  3;111,120,124;,
  3;120,111,107;,
  3;120,108,123;,
  3;108,120,107;,
  3;8,154,153;,
  3;154,8,133;,
  3;153,155,8;,
  3;155,153,156;,
  3;121,113,114;,
  3;113,121,122;,
  3;122,112,113;,
  3;112,122,157;,
  3;158,125,159;,
  3;125,158,127;,
  3;159,121,114;,
  3;121,159,125;,
  3;126,160,152;,
  3;160,126,161;,
  3;162,122,123;,
  3;122,162,163;,
  3;122,164,157;,
  3;164,122,163;,
  3;165,126,127;,
  3;126,165,161;,
  3;161,166,160;,
  3;166,161,167;,
  3;162,117,163;,
  3;117,162,116;,
  3;163,118,164;,
  3;118,163,117;,
  3;165,167,161;,
  3;167,165,168;,
  3;169,171,170;,
  3;171,169,172;,
  3;173,175,174;,
  3;175,173,176;,
  3;177,179,178;,
  3;179,177,173;,
  3;180,179,181;,
  3;179,180,182;,
  3;183,169,170;,
  3;169,183,184;,
  3;175,186,185;,
  3;186,175,176;,
  3;45,187,44;,
  3;187,45,188;,
  3;180,169,182;,
  3;169,180,172;,
  3;19,29,66;,
  3;20,29,19;,
  3;29,30,189;,
  3;30,190,189;,
  3;190,30,33;,
  3;33,191,190;,
  3;191,33,48;,
  3;191,49,192;,
  3;49,191,48;,
  3;192,52,193;,
  3;52,192,49;,
  3;194,170,186;,
  3;170,194,183;,
  3;170,185,186;,
  3;185,170,171;,
  3;186,176,194;,
  3;194,173,177;,
  3;173,194,176;,
  3;179,174,181;,
  3;174,179,173;,
  3;178,182,184;,
  3;182,178,179;,
  3;182,169,184;,
  3;16,17,20;,
  3;17,63,20;,
  3;66,195,65;,
  3;196,198,197;,
  3;198,196,199;,
  3;200,153,154;,
  3;153,200,201;,
  3;202,204,203;,
  3;205,207,206;,
  3;196,209,208;,
  3;209,196,197;,
  3;210,208,211;,
  3;208,210,196;,
  3;212,214,213;,
  3;214,212,215;,
  3;212,213,211;,
  3;201,217,216;,
  3;217,201,200;,
  3;218,220,219;,
  3;220,218,216;,
  3;210,199,196;,
  3;214,205,206;,
  3;221,223,222;,
  3;197,198,224;,
  3;224,226,225;,
  3;226,224,198;,
  3;227,214,206;,
  3;228,229,213;,
  3;229,228,230;,
  3;219,232,231;,
  3;214,228,213;,
  3;156,201,233;,
  3;201,156,153;,
  3;233,216,218;,
  3;216,233,201;,
  3;220,216,234;,
  3;235,220,234;,
  3;236,238,237;,
  3;238,236,239;,
  3;208,240,211;,
  3;240,208,241;,
  3;211,242,212;,
  3;242,211,240;,
  3;243,236,244;,
  3;236,243,239;,
  3;244,237,245;,
  3;237,244,236;,
  3;246,221,222;,
  3;221,246,215;,
  3;221,212,247;,
  3;212,221,215;,
  3;199,248,1;,
  3;248,199,249;,
  3;133,9,250;,
  3;249,210,251;,
  3;210,249,199;,
  3;210,211,251;,
  3;252,2,253;,
  3;2,252,1;,
  3;19,254,18;,
  3;254,19,64;,
  3;23,68,13;,
  3;68,23,255;,
  3;68,256,70;,
  3;256,68,255;,
  3;256,36,70;,
  3;36,256,257;,
  3;258,1,252;,
  3;1,258,199;,
  3;257,259,36;,
  3;36,259,35;,
  3;260,203,261;,
  3;203,260,202;,
  3;262,263,222;,
  3;263,262,264;,
  3;198,258,226;,
  3;258,198,199;,
  3;265,204,227;,
  3;265,206,266;,
  3;206,265,227;,
  3;222,267,246;,
  3;267,222,263;,
  3;89,87,147;,
  3;82,83,84;,
  3;78,16,18;,
  3;16,78,75;,
  3;75,15,16;,
  3;15,75,76;,
  3;15,71,14;,
  3;71,15,76;,
  3;14,268,24;,
  3;268,14,71;,
  3;248,269,1;,
  3;1,269,0;,
  3;135,129,134;,
  3;129,135,131;,
  3;134,96,81;,
  3;96,134,129;,
  3;96,83,81;,
  3;94,96,93;,
  3;29,189,66;,
  3;205,215,246;,
  3;267,205,246;,
  3;205,267,207;,
  3;205,214,215;,
  3;187,188,270;,
  3;224,272,271;,
  3;223,221,209;,
  3;224,223,197;,
  3;271,273,262;,
  3;273,271,272;,
  3;263,275,274;,
  3;273,276,262;,
  3;277,272,278;,
  3;272,277,273;,
  3;223,271,262;,
  3;271,223,224;,
  3;223,209,197;,
  3;208,221,247;,
  3;221,208,209;,
  3;222,223,262;,
  3;266,207,279;,
  3;207,266,206;,
  3;207,280,279;,
  3;280,207,267;,
  3;280,263,274;,
  3;263,280,267;,
  3;264,262,276;,
  3;76,73,72;,
  3;138,281,140;,
  3;73,132,72;,
  3;132,73,151;,
  3;72,71,76;,
  3;272,225,278;,
  3;155,11,8;,
  3;276,277,282;,
  3;277,276,273;,
  3;275,276,282;,
  3;276,275,264;,
  3;28,141,27;,
  3;141,28,139;,
  3;139,132,138;,
  3;132,139,28;,
  3;132,281,138;,
  3;281,132,151;,
  3;281,148,283;,
  3;148,281,151;,
  3;283,149,284;,
  3;149,283,148;,
  3;7,284,149;,
  3;284,7,4;,
  3;6,79,22;,
  3;79,6,77;,
  3;77,7,74;,
  3;7,77,6;,
  3;5,3,4;,
  3;3,5,2;,
  3;285,137,82;,
  3;137,285,136;,
  3;137,81,82;,
  3;92,146,87;,
  3;146,92,144;,
  3;2,21,253;,
  3;21,2,5;,
  3;286,213,229;,
  3;251,211,286;,
  3;213,286,211;,
  3;234,216,217;,
  3;227,202,228;,
  3;202,230,228;,
  3;230,202,260;,
  3;232,220,235;,
  3;228,214,227;,
  3;26,71,25;,
  3;71,26,268;,
  3;155,142,11;,
  3;18,80,78;,
  3;80,18,254;,
  3;272,224,225;,
  3;275,263,264;,
  3;202,227,204;,
  3;232,219,220;,
  3;287,289,288;,
  3;289,287,290;,
  3;291,288,292;,
  3;288,291,287;,
